201
205
201
220
169
192
252
205
159
181
163
180
255
238
175
204
226
209
192
143
207
213
197
179
179
197
200
184
230
175
206
217
185
152
210
178
103
172
175
220
178
201
259
191
214
179
180
212
107
225
202
190
187
201
227
189
176
227
269
247
174
234
233
163
237
227
181
171
190
135
189
184
213
185
281
240
171
215
223
196
243
100
182
100
249
171
146
126
195
238
193
182
245
209
250
248
159
171
196
181
218
200
141
171
216
198
255
226
169
212
263
274
222
179
208
187
254
189
241
174
205
220
244
215
192
191
196
184
158
165
202
100
241
233
265
168
255
186
170
300
174
233
191
241
100
211
232
258
229
